countsBefore = [[     0.00000000e+00,   8.17500000e+03,   2.95200000e+03,   4.27040000e+04,
    0.00000000e+00,   1.25300000e+03,   4.00000000e+00,   1.00500000e+03,
    2.60000000e+01,   1.40800000e+03],
 [  8.17500000e+03,   0.00000000e+00,   9.45300000e+03,   4.42820000e+04,
    3.60000000e+01,   3.20700000e+03,   5.00000000e+00,   2.54600000e+03,
    1.20000000e+01,   4.65600000e+03],
 [  2.95200000e+03,   9.45300000e+03,   0.00000000e+00,   6.87500000e+03,
    5.37000000e+02,   2.42690000e+04,   1.02400000e+03,   6.29300000e+03,
    1.30850000e+04,   1.24230000e+04],
 [  4.27040000e+04,   4.42820000e+04,   6.87500000e+03,   0.00000000e+00,
    4.70000000e+01,   2.50500000e+03,   1.25000000e+02,   2.17700000e+03,
    1.12000000e+02,   3.20400000e+03],
 [  0.00000000e+00,   3.60000000e+01,   5.37000000e+02,   4.70000000e+01,
    0.00000000e+00,   1.92000000e+02,   2.10480000e+04,   5.45000000e+02,
    0.00000000e+00,   2.53000000e+02],
 [  1.25300000e+03,   3.20700000e+03,   2.42690000e+04,   2.50500000e+03,
    1.92000000e+02,   0.00000000e+00,   4.57000000e+02,   3.22800000e+03,
    1.80700000e+03,   6.73700000e+03],
 [  4.00000000e+00,   5.00000000e+00,   1.02400000e+03,   1.25000000e+02,
    2.10480000e+04,   4.57000000e+02,   0.00000000e+00,   3.45000000e+02,
    5.00000000e+00,   3.14000000e+02],
 [  1.00500000e+03,   2.54600000e+03,   6.29300000e+03,   2.17700000e+03,
    5.45000000e+02,   3.22800000e+03,   3.45000000e+02,   0.00000000e+00,
    1.43100000e+03,   4.23200000e+03],
 [  2.60000000e+01,   1.20000000e+01,   1.30850000e+04,   1.12000000e+02,
    0.00000000e+00,   1.80700000e+03,   5.00000000e+00,   1.43100000e+03,
    0.00000000e+00,   1.90500000e+03],
 [  1.40800000e+03,   4.65600000e+03,   1.24230000e+04,   3.20400000e+03,
    2.53000000e+02,   6.73700000e+03,   3.14000000e+02,   4.23200000e+03,
    1.90500000e+03,   0.00000000e+00]]